base:
 initial: [4.49298, 0.636586, 3.10137]
 pregrasp: [3.00108, 0.674813, 3.082]
 grasp: [2.81097, 0.679769, 3.06165]
 lbrdelivery: [3.93719, -0.765294, -1.69992]
 humandelivery: [-0.128793, 0.255378, 1.60917]
 prerotate: [2.38131, 0.549216, 1.6078]

arm:
 initial: [1.39147, -0.615, -2.20615, -1.8222, -1.61627, -0.683162, -2.96706]
 pregrasp: [1.39147, -0.615, -2.20615, -1.8222, -1.61627, -0.683162, -2.96706]
 grasp: [1.39147, -0.615, -2.20615, -1.8222, -1.61627, -0.683162, -2.96706]
 lbrdelivery: [1.39147, -0.615, -2.20615, -1.8222, -1.61627, -0.683162, -2.96706]
 humandelivery: [1.39147, -0.615, -2.20615, -1.8222, -1.61627, -0.683162, -2.96706]
 prerotate: [1.39147, -0.615, -2.20615, -1.8222, -1.61627, -0.683162, -2.96706]
