cob1initial0: [4.49298, 0, 3.10137]
cob1initial: [4.49298, 0.636586, 3.10137]
cob1pregrasp: [3.00108, 0.674813, 3.082]
cob1grasp: [2.81097, 0.679769, 3.06165]
cob1graspafter: [2.41097, 0.679769, 3.06165]
cob1lbrdelivery: [3.93719, -0.765294, -1.69992]
cob1humandelivery: [-0.128793, 0.255378, 1.60917]
cob1prerotate: [2.38131, 0.549216, 1.6078]
