cob1initial: [[1.39147, -0.615, -2.20615, -1.8222, -1.61627, -0.683162, -2.96706]]
overtable: [[-0.838875, -1.30636, -2.01292, -0.800214, 1.44558, 0.782938, -1.7493]]
undertable: [[0.265156, -2.00713, -1.32153, 0.225007, 0.829947, 1.34112, -2.06717]]
